exchangeIDs	exchangeMets	exp_HS_578T	HS_578T	exp_RPMI_8226	RPMI_8226	exp_HT29	HT29	exp_MALME_3M	MALME_3M	exp_SR	SR	exp_UO_31	UO_31	exp_MDMAMB_231	MDMAMB_231	exp_HOP62	HOP62	exp_NCI_H226	NCI_H226	exp_HOP92	HOP92	exp_O_786	O_786
HMR_10024	biomass	0.035730055	0.00799605770488131	0.018333143	0.0414602950754861	0.031111255	0.0463727287224148	0.020798529	0.0469335014521923	0.019171008	0.00797608183372073	0.013033577	0.0270821907452814	0.010926773	0.0314421853841083	0.011473383	0.0251347182075417	0.018027769	0.00797259806402737	0.02270517	0.0161573401628861	0.025987054	0.00280324891750827
HMR_9034	glucose	-0.891204517	-2.6092494137265	-0.437346135	-7.97594022995093	-0.826120427	-13.2351008701016	-0.848562996	-9.03144100198754	-0.898948663	-4.04618045458263	-0.549041759	-7.63516810390065	-0.479477546	-8.69139961955547	-0.26705905	-7.10919573761016	-0.398649261	-2.60968309349434	-0.594208072	-3.12804640479297	-0.864113881	-0.917592865136799
HMR_9039	isoleucine	-0.013615722	-0.0019258441013745	-0.005558778	-0.00998567890069477	-0.008957816	-0.0111688346146106	-0.01142058	-0.0113038962779594	-0.004599992	-0.00192103292878617	-0.00973818	-0.00652272397524842	-0.005568708	-0.00757282519601419	-0.003331967	-0.00605367677251186	-0.007996597	-0.00192019386564254	-0.007304317	-0.00389148245235898	-0.00889841	-0.000675160259182732
HMR_9040	leucine	-0.01834798	-0.00392748723156531	-0.007998895	-0.0203643827415724	-0.016259326	-0.0227772618297818	-0.012571768	-0.0230527010296098	-0.00879963	-0.00391767552411919	-0.009163894	-0.0133021749317763	-0.006592535	-0.0154437081604863	-0.004904579	-0.012345619363008	-0.009283825	-0.00391596437326293	-0.00911516	-0.00793612921865905	-0.010361673	-0.00137689405664143
HMR_9041	lysine	-0.022543147	-0.00308015978928579	-0.009620991	-0.015970911973969	-0.017307958	-0.0178632295566157	-0.009254128	-0.0180792447076987	-0.015465749	-0.0030724648879512	-0.005490858	-0.0104323252805517	-0.006015855	-0.0121118379433753	-0.006186391	-0.0096821397737835	-0.009191799	-0.00307112290572437	-0.013165857	-0.00622396577267731	-0.012443708	-0.00107983895486358
HMR_9042	methionine	-0.006100296	-0.000963763635760689	-0.002496251	-0.00499720314640408	-0.004789793	-0.0055777790511887	-0.003363566	-0.00565688789000752	-0.004351409	-0.000961355947006084	-0.001823891	-0.00325748517201902	-0.001426579	-0.00378972188801877	-0.001965335	-0.00302948381534727	-0.00289763	-0.000960936048767509	-0.002318728	-0.00194744178623163	-0.003263032	-0.000337875171539934
HMR_9043	phenylalanine	-0.006567123	-0.00162896367228747	-0.002744675	-0.00844632655402884	-0.005369239	-0.00944709171214976	-0.003162452	-0.00956133280931685	-0.004906518	-0.00162489417083515	-0.002358298	-0.00551720691849085	-0.00220937	-0.00640542873230813	-0.002257474	-0.00512046615775087	-0.003408873	-0.00162418445431201	-0.003510565	-0.00329158707172229	-0.00339599	-0.000571080252236364
HMR_9044	threonine	-0.013603744	-0.00243918868435653	-0.006411995	-0.0144899067005628	-0.011510289	-0.0162201858120696	-0.009353784	-0.0163249593765436	-0.009821513	-0.00243309506663973	-0.005220614	-0.00949182985555446	-0.004979441	-0.0323070566448878	-0.005240142	-0.00878430124795599	-0.007183311	-0.0024320323464933	-0.008527731	-0.00567891648322354	-0.008802744	-0.00110034766410651
HMR_9045	tryptophan	-0.001211726	-0.000422119882298389	-0.000695832	-0.00218873043732999	-0.00138647	-0.002448062721985	-0.000865457	-0.00247766647516268	-0.00133912	-0.000421065336083951	-0.000421306	-0.00142969593163415	-0.00035138	-0.00165986440861246	-0.000467773	-0.00132688690889433	-0.000944004	-0.000420881424398069	-0.000954767	-0.000852962144538918	-0.000725178	-0.000147986313604179
HMR_9046	valine	-0.01330341	-0.00288070812490966	-0.006165194	-0.0149367367386798	-0.011472903	-0.0167065198045459	-0.008788208	-0.0169085471808506	-0.010175864	-0.00287351149671132	-0.005794702	-0.00975679388514907	-0.004841612	-0.0113275519317004	-0.005347229	-0.00905518564649413	-0.007691297	-0.00287225641276479	-0.009105286	-0.00582094111898932	-0.010005055	-0.00100991541467748
HMR_9061	alanine	0.056209087	-0.00357477472935683	0.014127935	-0.0185355359575566	0.055245815	-0.0207317236676531	0.022787714	-0.0209824267337525	0.086767953	-0.0035658441735683	0.025716586	-0.0121075578322493	0.018852115	-0.014056768209445	0.009601013	-0.0112452314537691	0.012695001	-0.00356692721905904	0.032353203	-0.00722341601820201	0.0076389	-0.00125324050429101
HMR_9062	asparagine	-0.00571363	-0.00160510023767302	-0.002018538	-0.00832259244940556	-0.002396685	-0.00930869694055058	-0.004913882	-0.00942126446758293	-0.001222105	-0.00160109035221059	0.000345758	-0.00543638282843063	-0.001988739	-0.00631159267424779	-0.001628876	-0.00504545410473229	-0.001922615	-0.00160039103264973	-0.002382279	-0.00324336710574017	-0.002440472	-0.000562714236166952
HMR_9063	glutamine	-0.226698917	-0.724375777120363	-0.146252447	-0.014328273740211	-0.228850691	-0.0160259629123615	-0.122203241	-0.0162197605002385	-0.219496506	-0.722630404759926	-0.124230534	-0.00935934107020947	-0.078432974	-0.0108661127074403	-0.091938612	-0.00868631354902389	-0.094750789	-0.722250530379816	-0.123594044	-0.00558381922622684	-0.109775824	-0.253950845282452
HMR_9064	tyrosine	-0.007986935	-0.00122048666364515	-0.003674763	-0.00632833567215665	-0.008123502	-0.00707815013991094	-0.004482545	-0.0071637442743319	-0.006833216	-0.00121743762557589	-0.002693864	-0.0041337186207063	-0.003180849	-0.00479921098039803	-0.00311885	-0.00383646410506225	-0.004976546	-0.00121690587673078	-0.004926558	-0.00246619258096929	-0.003969672	-0.000427876841935238
HMR_9066	arginine	-0.027206388	-0.00219096179044043	-0.006832754	-0.0113603385172323	-0.011382525	-0.0127063711267674	-0.00129978	-0.0128600257987833	-0.005431378	-0.00218548829686911	-0.006102876	-0.0074206624457085	-0.007139201	-0.00861532386671895	-0.001574063	-0.00688704474613702	-0.00338457	-0.00218453372568333	-0.012814136	-0.00442719603066664	-0.009856139	-0.000768104920454082
HMR_9067	glycine	-0.000802262	-0.36386885419395	-0.000306523	-0.016747428059482	0.003908824	-0.0187317513487671	0.016061208	-0.018958269296422	0.008171299	-0.362959831570677	0.004334714	-0.0109451577068329	0.006385996	-0.0127007233497621	0.002939872	-0.0101528916813003	0.000604886	-0.3628012990371	-0.00039991	-0.00652657902018903	0.0025653	-0.127564733682635
HMR_9068	proline	0.000605661	-0.00220407612468221	-0.000675569	-0.0114283375471856	0.005380916	-0.0127824270391451	-0.001069608	-0.0129370014345151	0.00710491	-0.00219856986868459	0.001186608	-0.00746507994674984	0.001436971	-0.0086668921949673	0.001361038	-0.00692826819746921	0.002203858	-0.00219760958376815	0.002435376	-0.00445369568426779	0.000231007	-0.000772702529003687
HMR_9069	serine	-0.0325857	-0.00411847627108409	-0.016314407	-0.0177021118856259	-0.033339735	-0.01978803214597	-0.024670565	-0.0201945244484834	-0.031649758	-0.0046833734341669	-0.011636228	-0.0115474618375013	-0.016568732	-0.10374040833824	-0.017833616	-0.0107233306460472	-0.021499214	-0.00408823946407586	-0.022222852	-0.00689862536715612	-0.030117158	-0.00119689032339597
HMR_9070	aspartate	-0.001934168	-0.00693570049263725	-0.000782986	-0.0155524901154345	-0.004150227	-1.96086406502966	0.001500354	-0.0172397019601167	-0.012462967	-0.00693389348178314	0.000128843	-1.22610936184172	-0.00113204	-1.34225165524079	-0.006761827	-1.13066320324517	0.002611711	-0.00693086491606981	-0.000494245	-0.733367358629351	-0.000684778	-0.00243325089613526
HMR_9071	glutamate	0.02678411	0	0.056588804	-1.8887105250363	0.042193442	-0.169026039635105	0.016112564	-2.13840658141194	0.011390914	0	0.038522979	-0.0177500312119482	0.00917449	-0.101881596427826	0.016202008	-0.023769349435393	0.01664521	0	0.015988165	-0.00870391794452931	0.018807129	0
HMR_9083	choline	-0.002044274	-0.000997916317469201	-0.000545279	-0.00517428794412754	-0.000966912	-0.00578736477219524	-0.001938647	-0.00585734979207511	-0.000844902	-0.000995423307973454	-0.000249379	-0.00338324917858005	-0.000990661	-0.00392401743580952	-0.000451292	-0.00313683897240814	-0.001591875	-0.000994988529892602	-0.00136736	-0.00201645285596195	-0.000571763	-0.000349848380283906
HMR_9087	ornithine	0.007885861	0	0.000643202	0	0.003060358	9.59915484553986e-07	-0.002311655	0	-0.001427155	0	0.001458248	0	0.001948405	0.0557877185846621	0.001635996	0	-0.001200326	0	0.009506915	0	0.01603422	0
HMR_9133	pyruvate	2.51e-07	0	6.64e-08	0	1.15e-07	0	2.87e-07	0	1.52e-07	0	5.61e-08	0	5.85e-08	0	3.08e-08	0	4.95e-08	0	1.05e-07	0	5.76e-08	0
HMR_9135	L-lactate	1.392205968	4.46955435220139	0.679121284	12.0068815593617	1.166895089	15.3711621301582	0.932104298	13.5987406454645	1.118142634	4.47079784803062	0.767588362	9.08302703439724	0.743240244	10.5061558197495	0.317551752	8.40427095982279	0.552731028	4.47290436794181	0.687740829	5.40975909188026	0.992967126	1.57240646102538
HMR_9146	folate	4.25e-05	-0.72495211060611	-5.73e-06	-0.00403329481920885	-2.34e-06	-0.00450926095460325	1e-05	-0.00472127601963307	8.51e-06	-0.7194759628993	-9.39e-06	-0.00262897387618836	8.43e-07	-0.00406313245976087	-3.16e-06	-0.00243680338980571	-6.98e-06	-0.719161712292689	-1.4e-05	-0.0015718005926517	-1.4e-05	-0.252864784516616
HMR_9259	AKG	2.25e-05	0.717304961643446	1.03e-05	1.86637425334667	1.33e-05	0.144044209007314	1.95e-05	2.11312362386007	1.05e-05	0.715577253700173	6.34e-06	0.00316092411705153	4.48e-06	0.0291560527543175	8.71e-06	0.0102293408305206	2.8e-06	0.715195178925795	8.67e-06	0	1.24e-05	0.251471966744661
HMR_9292	L-carnitine	-1.19e-05	0	-2.09e-05	0	-2.46e-05	0	-1.83e-05	0	-4.72e-05	0	1.17e-06	0	-5.56e-06	0	-2.19e-05	0	-1.2e-05	0	-2.58e-05	0	9.89e-06	0
