exchangeIDs	exchangeMets	exp_HS_578T	HS_578T	exp_RPMI_8226	RPMI_8226	exp_HT29	HT29	exp_MALME_3M	MALME_3M	exp_SR	SR	exp_UO_31	UO_31	exp_MDMAMB_231	MDMAMB_231	exp_HOP62	HOP62	exp_NCI_H226	NCI_H226	exp_HOP92	HOP92	exp_O_786	O_786
HMR_10024	biomass	0.035730055	0.00757695413016268	0.018333143	0.0210490922165196	0.031111255	0.035381147373977	0.020798529	0.0212268621491105	0.019171008	0.00762023184928535	0.013033577	0.0142399327759389	0.010926773	0.0139297792227043	0.011473383	0.016043720665454	0.018027769	0.00743839234270145	0.02270517	0.0140984507845674	0.025987054	0.00278218584940731
HMR_9034	glucose	-0.891204517	-0.891204517	-0.437346135	-0.437346135	-0.826120427	-0.826120427	-0.848562996	-0.848562996	-0.898948663	-0.898948663	-0.549041759	-0.549041759	-0.479477546	-0.479477546	-0.26705905	-0.26705905	-0.398649261	-0.398649261	-0.594208072	-0.594208072	-0.864113881	-0.864113881
HMR_9039	isoleucine	-0.013615722	-0.00182490334068638	-0.005558778	-0.00506965702107498	-0.008957816	-0.00852152104010445	-0.01142058	-0.00511247276712355	-0.004599992	-0.0018353267447149	-0.00973818	-0.00342967641713866	-0.005568708	-0.00335497618196495	-0.003331967	-0.00386411728729806	-0.007996597	-0.00179153084502577	-0.007304317	-0.00339560059270244	-0.00889841	-0.000670087236081072
HMR_9040	leucine	-0.01834798	-0.00372163279689734	-0.007998895	-0.0103388499642711	-0.016259326	-0.0173784394357979	-0.012571768	-0.0104261666353327	-0.00879963	-0.00374288985825669	-0.009163894	-0.00699434098902347	-0.006592535	-0.00684200040256049	-0.004904579	-0.00788032182683032	-0.009283825	-0.0036535743021838	-0.00911516	-0.00692484815453972	-0.010361673	-0.00136654834203089
HMR_9041	lysine	-0.022543147	-0.00291871698508914	-0.009620991	-0.00811131914615025	-0.017307958	-0.0136291647037002	-0.009254128	-0.00817679532308644	-0.015465749	-0.00293538798661684	-0.005490858	-0.00548536165663286	-0.006015855	-0.00536588746842208	-0.006186391	-0.00618019842879539	-0.009191799	-0.00286534162665356	-0.013165857	-0.00543086140703306	-0.012443708	-0.00107172525461302
HMR_9042	methionine	-0.006100296	-0.000913249144765389	-0.002496251	-0.00254605155722279	-0.004789793	-0.00425569570880564	-0.003363566	-0.00255847051080297	-0.004351409	-0.000918465401759586	-0.001823891	-0.00171279976219245	-0.001426579	-0.00167895420024567	-0.001965335	-0.00193374724524907	-0.00289763	-0.000896548313306955	-0.002318728	-0.0016992841582963	-0.003263032	-0.000335336443101186
HMR_9043	phenylalanine	-0.006567123	-0.00154358353580775	-0.002744675	-0.00428813895807776	-0.005369239	-0.00720787741700185	-0.003162452	-0.00432435439984962	-0.004906518	-0.00155240010953348	-0.002358298	-0.00290097120905713	-0.00220937	-0.00283778646356166	-0.002257474	-0.00326844041112885	-0.003408873	-0.00151535561068863	-0.003510565	-0.00287214837751524	-0.00339599	-0.00056678926609923
HMR_9044	threonine	-0.013603744	-0.00231134159585904	-0.006411995	-0.006411995	-0.011510289	-0.0108017691055346	-0.009353784	-0.00738337544725282	-0.009821513	-0.00232454341688946	-0.005220614	-0.00434741316606251	-0.004979441	-0.004979441	-0.005240142	-0.00489411949569382	-0.007183311	-0.00226907347367511	-0.008527731	-0.00430071703955828	-0.008802744	-0.008802744
HMR_9045	tryptophan	-0.001211726	-0.000399994985485418	-0.000695832	-0.00111120262720229	-0.00138647	-0.00186780615101962	-0.000865457	-0.00112058727971369	-0.00133912	-0.000402279659555623	-0.000421306	-0.000751740291174589	-0.00035138	-0.000735366974945783	-0.000467773	-0.00084696405764998	-0.000944004	-0.000392680170163552	-0.000954767	-0.000744271315368099	-0.000725178	-0.000146874373176061
HMR_9046	valine	-0.01330341	-0.00272971933550489	-0.006165194	-0.00758327330893126	-0.011472903	-0.0127466262088906	-0.008788208	-0.00764731778035456	-0.010175864	-0.00274531082842623	-0.005794702	-0.00513016433345303	-0.004841612	-0.00501842653793575	-0.005347229	-0.00578000787144647	-0.007691297	-0.0026798002276553	-0.009105286	-0.00507919317527551	-0.010005055	-0.00100232710633187
HMR_9061	alanine	0.056209087	-0.00338740728865256	0.014127935	0.723495709070666	0.055245815	1.03444550653571	0.022787714	-0.00948983276444572	0.086767953	-0.00340675533519923	0.025716586	-0.00636620616233058	0.018852115	-0.00622754669722363	0.009601013	0.683949520571306	0.012695001	-0.00332792446077727	0.032353203	-0.00630295421167183	0.0076389	-0.00124382389846486
HMR_9062	asparagine	-0.00571363	-0.00152097087390169	-0.002018538	-0.00422532004726678	-0.002396685	-0.00710228592077896	-0.004913882	-0.00426100495245182	-0.001222105	-0.00152965828960248	0.000345758	-0.0526094458366325	-0.001988739	-0.00279621443044942	-0.001628876	-0.00322055953117487	-0.001922615	-0.00149315647258107	-0.002382279	-0.00283007296099378	-0.002440472	-0.000558486110650258
HMR_9063	glutamine	-0.226698917	-0.226698917	-0.146252447	-0.0063972264245347	-0.228850691	-0.0107530153121533	-0.122203241	-0.00733579659682664	-0.219496506	-0.219496506	-0.124230534	-0.00432779111330704	-0.078432974	-0.00481399588401918	-0.091938612	-0.00487599715622634	-0.094750789	-0.094750789	-0.123594044	-0.00428479199845272	-0.109775824	-0.109775824
HMR_9064	tyrosine	-0.007986935	-0.00115651634945922	-0.003674763	-0.0032128502920153	-0.008123502	-0.00540043857963172	-0.004482545	-0.00323998439233474	-0.006833216	-0.00116312208955911	-0.002693864	-0.00217352709118485	-0.003180849	-0.00212618647792565	-0.00311885	-0.00244885014967827	-0.004976546	-0.0011353668255402	-0.004926558	-0.00215193183887577	-0.003969672	-0.000424661858419427
HMR_9066	arginine	-0.027206388	-0.00207612521067376	-0.006832754	-0.00576756177506051	-0.011382525	-0.0096946201314934	-0.00129978	-0.00581627166988257	-0.005431378	-0.0020879835329214	-0.006102876	-0.00390181634025433	-0.007139201	-0.0038168326383619	-0.001574063	-0.00439606369186788	-0.00338457	-0.00203815855346	-0.012814136	-0.0038630495318381	-0.009856139	-0.000762333529213313
HMR_9067	glycine	-0.000802262	-0.315446511026822	-0.000306523	-1.45762854577472	0.003908824	-1.04631308119375	0.016061208	-0.00857435640830645	0.008171299	-0.977307734924554	0.004334714	-0.0555059834426199	0.006385996	-0.00562678039295099	0.002939872	-0.686619322496154	0.000604886	-0.320165975269049	-0.00039991	-0.00569491340654484	0.0025653	-0.0976769761629815
HMR_9068	proline	0.000605661	-0.00208855217314264	-0.000675569	-0.00580208439120482	0.005380916	-0.00975264875130146	-0.001069608	-0.00585108584649332	0.00710491	-0.00210048147517741	0.001186608	-0.00392517125400014	0.001436971	-0.00383967886926514	0.001361038	-0.00442237699813129	0.002203858	-0.00205035826074126	0.002435376	-0.00388617240096986	0.000231007	-0.000766896592224926
HMR_9069	serine	-0.0325857	-0.0325857	-0.016314407	-0.016314407	-0.033339735	-0.033339735	-0.024670565	-0.00913348404383272	-0.031649758	-0.031649758	-0.011636228	-0.011636228	-0.016568732	-0.016568732	-0.017833616	-0.017833616	-0.021499214	-0.021499214	-0.022222852	-0.0136650828117562	-0.030117158	-0.030117158
HMR_9070	aspartate	-0.001934168	0	-0.000782986	0	-0.004150227	-1.22079590984886	0.001500354	-0.0628133349752222	-0.012462967	-0.084776155902263	0.000128843	-0.0922327332439832	-0.00113204	-0.645658869405268	-0.006761827	-0.59850765557723	0.002611711	0	-0.000494245	0	-0.000684778	-0.279238071660453
HMR_9071	glutamate	0.02678411	-1.32569234799999	0.056588804	-3.04691955929246	0.042193442	-5.49725824299947	0.016112564	-0.912132174811446	0.011390914	-1.04825575160113	0.038522979	-1.84167493460527	0.00917449	-0.0315811551987011	0.016202008	-2.68409268424911	0.01664521	-1.91186448302686	0.015988165	-1.77433820943831	0.018807129	0
HMR_9083	choline	-0.002044274	-0.000945611755476598	-0.000545279	-0.00262694859967755	-0.000966912	-0.00441560398866559	-0.001938647	-0.00264913447214563	-0.000844902	-0.000951012859831935	-0.000249379	-0.00177892701961803	-0.000990661	-0.00173845093396389	-0.000451292	-0.00200227302451815	-0.001591875	-0.000928319100297178	-0.00136736	-0.00175950132030283	-0.000571763	-0.000347219687479316
HMR_9087	ornithine	0.007885861	0	0.000643202	0	0.003060358	7.32389750641299e-07	-0.002311655	0	-0.001427155	0	0.001458248	0	0.001948405	0.024077218652368	0.001635996	0	-0.001200326	0	0.009506915	0	0.01603422	0
HMR_9133	pyruvate	2.51e-07	0	6.64e-08	0	1.15e-07	0	2.87e-07	0	1.52e-07	0	5.61e-08	0	5.85e-08	0	3.08e-08	0	4.95e-08	0	1.05e-07	0	5.76e-08	0
HMR_9135	L-lactate	1.392205968	2.72529902183364	0.679121284	2.23725206380754	1.166895089	5.53964430082142	0.932104298	3.10977400851817	1.118142634	2.53750144428823	0.767588362	1.89811769435874	0.743240244	2.5696271383654	0.317551752	2.53334954237661	0.552731028	2.20581991151901	0.687740829	1.8422736108426	0.992967126	1.85578168473421
HMR_9146	folate	4.25e-05	-0.654122370935836	-5.73e-06	-1.44912900010956	-2.34e-06	-5.45646455551085	1e-05	-0.00213531639736595	8.51e-06	-1.93204476264399	-9.39e-06	-1.82135598827969	8.43e-07	-1.00679502458002	-3.16e-06	-2.66467865395329	-6.98e-06	-0.652648379112102	-1.4e-05	-0.00137150998092849	-1.4e-05	-0.222035546742646
HMR_9259	AKG	2.25e-05	0	1.03e-05	0	1.33e-05	0	1.95e-05	0.900697318300219	1.05e-05	0	6.34e-06	0	4.48e-06	0	8.71e-06	0	2.8e-06	0	8.67e-06	0	1.24e-05	0.0376867085326885
HMR_9292	L-carnitine	-1.19e-05	0	-2.09e-05	3.0025432431705e-06	-2.46e-05	0	-1.83e-05	0	-4.72e-05	0	1.17e-06	0	-5.56e-06	0	-2.19e-05	0	-1.2e-05	0	-2.58e-05	0	9.89e-06	0
